0.0973631837829544 0.2606708042540755 0.18734087142049097 0.20748266336020468 0.2471424771822745
0.1850571239553923 0.47945374413127606 0.14351345405137128 0.11853901789641791 0.07343665996554252
0.1850299021744967 0.0743579717611809 0.5102914216016556 0.19193094822838958 0.03838975623427712
0.18364770499455108 0.14567365658957449 0.18008373713634676 0.3978013247009297 0.09279357657859796
0.14887956607104932 0.34058444119883213 0.1672005971726801 0.15788195382068274 0.18545344173675574
0.1729073356344073 0.23105470686746385 0.2531260105089046 0.1841507125230805 0.1587612344661438
0.19503223021141772 0.23069946228387384 0.14821169970905984 0.17808933959807213 0.24796726819757636
0.12310915468733491 0.13176124198206884 0.23092274593707607 0.397937522161621 0.11626933523189922
0.24399380392166656 0.26970048557155235 0.16276170609912638 0.21855942131314107 0.10498458309451363
0.07782888380245798 0.1811450877907381 0.14390438650781992 0.11398007309390897 0.48314156880507503
0.08448804029670096 0.536490942224912 0.12087078556502727 0.13290870995878398 0.1252415219545757
0.033457662092225816 0.200080179816799 0.06127676408380657 0.6205854594802472 0.0845999345269214
0.2240586167372743 0.17798465409602762 0.32694476289859714 0.17312756619995703 0.09788440006814371
0.03162318784874822 0.22412383873199937 0.22656146561920862 0.25159641486742734 0.2660950929326164
0.305374723618151 0.2040180766750188 0.18594801751045242 0.2059157447895859 0.09874343740679195
0.16258138078790754 0.21909534720997678 0.17379394914735855 0.26800648685757067 0.1765228359971866
0.01628315985463432 0.04331370197812043 0.07536089904181566 0.7943134807672292 0.07072875835820035
0.1667356611737935 0.24117776864607576 0.14641216823280015 0.17411105875218785 0.27156334319514297
0.2786825170953775 0.13947120456670625 0.2849639542641573 0.11614220537040486 0.18074011870335424
0.32010981268132094 0.21464475188542265 0.13288346765867287 0.16553072604327354 0.16683124173130995
0.12763128419004077 0.16683553606486937 0.42914363293599805 0.18483682328658504 0.09155272352250675
0.13963847077088334 0.11280372470805379 0.26090745614763017 0.373038711168886 0.11361163720454683
0.09783241237634357 0.14852213943201606 0.13025238702906994 0.35466485136918713 0.2687282097933833
0.14097593058132246 0.189917303594208 0.17325418729112466 0.1810401472120433 0.31481243132130154
0.13684767099946096 0.1576316190098188 0.4342987705114079 0.1598555486285491 0.11136639085076325
0.07652521146113904 0.20072350424550153 0.06795697063198085 0.20085216381588722 0.4539421498454913
0.07298841799182641 0.13099310301907893 0.0807328841554592 0.0965727278225502 0.6187128670110853
0.46604014612542266 0.11858183098763418 0.23043103745440097 0.05029875256594509 0.134648232866597
0.19629519552653765 0.200134565299884 0.1570330576584948 0.3031149660387667 0.14342221547631676
0.274807638537396 0.1174094902848103 0.09276889604982293 0.05759863890703011 0.4574153362209406
0.8494596529939752 0.01722865867558462 0.014407896366870213 0.09831699260222372 0.02058679936134625
0.1563388365623045 0.1899671137268805 0.21895984048056424 0.32824698095190374 0.10648722827834717
0.18467940597880117 0.21024571474772985 0.24450931620737776 0.20792691435563937 0.152638648710452
0.07076058094372602 0.23538352801659146 0.07522132871355987 0.5122687694353341 0.10636579289078871
0.7056119718187589 0.07613958542574456 0.043649828518799054 0.1282679828384896 0.04633063139820777
0.2800009160498148 0.15400972838551552 0.34729393222865856 0.13893008592533038 0.07976533741068076
0.19331313609672307 0.338311430640036 0.12520917055226527 0.24258833453848935 0.10057792817248622
0.07864454785905835 0.1451740372661797 0.0652708009321924 0.28934585084989306 0.4215647630926765
0.06686317435363857 0.12643242006745245 0.6929434623201393 0.08103107812279024 0.032729865135979655
0.1401231540206193 0.27762305024041334 0.19494346220378955 0.2634553324932887 0.12385500104188912
0.056844724205486336 0.1605273493002721 0.07437499923982077 0.052411615569485835 0.6558413116849349
0.1712087069523305 0.42823743711396345 0.12086239247143896 0.1281120599136383 0.15157940354862892
0.08554195417444833 0.5369983103113556 0.15463185654532585 0.14131049023543513 0.08151738873343516
0.2696023421945651 0.2970226554128373 0.16400498217139212 0.1663036576420046 0.10306636257920104
0.13721184018064556 0.2564041912041068 0.20174632036928442 0.21160759593750153 0.19303005230846182
0.14491279154705178 0.3825072698767294 0.07804911713640206 0.18859702805150508 0.20593379338831166
0.09115311896649253 0.11184445777688105 0.1949456742263765 0.4905012982597724 0.11155545077047758
0.06030468949006096 0.16733527223371397 0.12797665477660244 0.5594090166450089 0.08497436685461372
0.19883590431718612 0.18947319998248516 0.17868397521771018 0.3180085706931842 0.11499834978943425
0.19164984060235804 0.12715794145920714 0.2626351167150188 0.12827150267692103 0.290285598546495
0.12659926449855488 0.1388124204341092 0.3638326882614427 0.25655741160861784 0.11419821519727547
0.08345279193646546 0.5053804123519747 0.1926070589243838 0.09593425628246363 0.12262548050471232
0.005776495809375353 0.011411725615812841 0.9391705650740625 0.004481348228285405 0.039159865272463894
0.1520058758336584 0.2518046877045984 0.20524233975299147 0.29284763957926857 0.09809945712948316
0.019553744620814925 0.044561305584227266 0.8934105623486288 0.029569218146200903 0.012905169300128241
0.17034743645785513 0.1048581815406117 0.20652401406940132 0.4665219812312243 0.05174838670090752
0.1475403825901817 0.23887249372685976 0.33046107014793047 0.16482420924085017 0.11830184429417782
0.10426447794916029 0.6026131667739625 0.08782031514768185 0.12565061819955806 0.07965142192963734
0.14106673087733984 0.3008638944364392 0.11445276582112428 0.2826570026804221 0.16095960618467461
0.17706689177605456 0.17697932377954756 0.3128161066151146 0.16156233947354764 0.17157533835573555
0.13432090889915801 0.1286878683051419 0.32029956600316706 0.23517304534450714 0.18151861144802584
0.26323223195333695 0.07469502604175932 0.3147693554353548 0.15246304868564914 0.1948403378839
0.016841252619470726 0.02273722344004461 0.9226844920747784 0.0249226627417294 0.012814369123976868
0.060913276374726016 0.4234458724789252 0.06900917965589243 0.3780349213950565 0.06859675009539978
0.268431199579971 0.08215480311118878 0.075637460275853 0.09107516268636834 0.48270137434661886
0.14396193306923216 0.23686340549408474 0.11994290624987161 0.1759572487625195 0.32327450642429195
0.10701968601285404 0.1523891375783215 0.4550277252514219 0.2012405512492034 0.0843228999081991
0.10820369262188072 0.12341190750477858 0.2822541897128211 0.1462216432731119 0.33990856688740784
0.07764754491209303 0.10437438475892488 0.4785194013800061 0.11285150742554126 0.2266071615234346
0.09768344908296325 0.03372644807875221 0.008826463404508487 0.08107184002587207 0.7786917994079039
0.19330826985141425 0.2260485678290846 0.24978621025974976 0.16215587357926944 0.1687010784804819
0.23610831467853122 0.2882363033762455 0.11971270774048433 0.26350972182191296 0.09243295238282585
0.5266330252777334 0.16598078598721328 0.11522920313248927 0.11725554844341732 0.07490143715914685
0.2052481629197642 0.2275129702979011 0.14895291030489816 0.3068265781363073 0.11145937834112926
0.12430657337395609 0.3175144803715441 0.2921897162957789 0.16821672057274534 0.09777250938597573
0.1020778759258996 0.1318903095401342 0.30577210415589823 0.20563966690525629 0.2546200434728117
0.24489852611102694 0.2490992679864257 0.14515939362674365 0.22252624709379565 0.13831656518200813
0.16062016784799876 0.1839601901559572 0.22638208291180373 0.1666909855134001 0.2623465735708403
0.11795368863738002 0.25590800780334133 0.22870845100958645 0.19417314400221392 0.20325670854747818
0.20927801668764126 0.29470443554857206 0.16345396181043778 0.2196937162570651 0.11286986969628393
0.1249132683118636 0.26412371948323987 0.18387606734063533 0.1716160545498819 0.25547089031437925
0.2916732479640444 0.18076690648111193 0.09631367743159765 0.1939310600588234 0.2373151080644225
0.06956548236812082 0.29998975641295605 0.19751254212405553 0.22595026284745498 0.20698195624741256
0.1394704732392412 0.25540680146136946 0.1489035853653386 0.29981196473003047 0.15640717520402025
0.1336683950480703 0.17441424422460428 0.2504712882298151 0.3207178360076207 0.12072823648988958
0.0806475224421437 0.11297238624234177 0.20612990824308644 0.46485261919178705 0.1353975638806411
0.093567181475006 0.1546326212104451 0.6322037526241714 0.06761713577667681 0.05197930891370056
0.09444621872300822 0.1333764654927089 0.31908725727617904 0.19681333767431466 0.25627672083378916
0.13178828346243762 0.24371962149001228 0.09939130030921862 0.2005515759118398 0.32454921882649157
0.12793298327676558 0.21988513599274248 0.14090976851761772 0.3447819718536898 0.16649014035918458
0.10447316926044083 0.13672336015392753 0.08065085113999004 0.14997148473077973 0.5281811347148618
0.17007012216616268 0.24043481557612117 0.22405628138703018 0.23892995457872043 0.12650882629196541
0.7462909831687872 0.0886802457194437 0.05534148049671886 0.06982477359337107 0.03986251702167911
0.06979797680950592 0.045893235872476575 0.6616032061423139 0.11140963331789187 0.11129594785781179
0.1986467004089273 0.2399846323745325 0.22117830568311037 0.22420268045216937 0.11598768108126047
0.14071342105841808 0.19218221450183665 0.22506232665407225 0.2616665977836239 0.1803754400020492
0.21304235223563014 0.24383113718200017 0.16395404414796977 0.2035877298994924 0.17558473653490758
0.14049511250246788 0.26741862084237666 0.14077770852155738 0.3040581011651864 0.1472504569684116
0.09157405000202347 0.5310217033442746 0.15106989133593562 0.17574723482735866 0.05058712049040784
0.2684457200389393 0.23342306863643844 0.1622873429647288 0.21660189747413502 0.1192419708857585
0.18931318687467927 0.11849589984748914 0.20174607529129013 0.11612561850893244 0.374319219477609
0.14718545353825674 0.15607678514679485 0.20579307297153696 0.3734592681500737 0.1174854201933377
0.20491452641907892 0.27098354028928956 0.2752892937334705 0.1887000407373093 0.060112598820851744
0.1584623872402797 0.18254097528703467 0.13030591426285454 0.25498226959492887 0.2737084536149021
0.275209870935865 0.24119466107918366 0.13006449322088998 0.2226396610194504 0.13089131374461105
0.21811098024550463 0.25107599974913775 0.15200073331672995 0.27130459000279833 0.10750769668582938
0.04452540114895031 0.16331951850106705 0.14404770990921417 0.49872356799723655 0.14938380244353186
0.05280321129287196 0.1616889718666169 0.590444334603383 0.057541101771745574 0.1375223804653826
0.16465257887617624 0.16036858447276867 0.26291793395127394 0.17669886326991177 0.23536203942986939
0.21072371249642524 0.1864605299321216 0.14652228312448717 0.14871317031827594 0.30758030412869003
0.07945955016105681 0.23540422483252796 0.26526279836414457 0.2084479725159084 0.21142545412636213
0.28466668233915465 0.10102923154227944 0.14360192300116972 0.3341931390009936 0.1365090241164025
0.23301780050865803 0.312314542341331 0.1496465302546582 0.20160636826144562 0.10341475863390714
0.04321453231250335 0.1032057804944048 0.0810760522432704 0.14960691093091738 0.6228967240189041
0.20822315826258692 0.21729078352744088 0.14289402087454628 0.19423010053412407 0.23736193680130194
0.6261522148288793 0.05636350699312119 0.057029027663983656 0.06316721413022612 0.19728803638378975
0.19851464038081174 0.1603639178242031 0.3121787845643001 0.18181388878399807 0.14712876844668715
0.1456942707749112 0.17899959797495604 0.33418536933344745 0.15699013802199235 0.18413062389469295
0.08298198443836502 0.19508232603540465 0.12565675922931605 0.26811237758057216 0.32816655271634204
0.2510107843837282 0.1975861211570436 0.18814996487603053 0.23561801510402608 0.12763511447917167
0.25472057750414884 0.31524720907185355 0.1450534543378867 0.15772008622552414 0.12725867286058684
0.521010469913621 0.11752400737029284 0.14335343833130085 0.11797355610962246 0.10013852827516288
0.16990293337519943 0.115249943421843 0.5790609713165152 0.08233019667342957 0.05345595521301271
0.1790905266489979 0.2413832143521723 0.14825266897828873 0.3023949289285952 0.12887866109194587
0.8176623450984435 0.026721112536371196 0.018563350346347554 0.07500286990596577 0.062050322112872
0.10697220650430396 0.16590983846678622 0.3141785009038664 0.3394333939802158 0.07350606014482754
0.5293537465588033 0.11506401693675114 0.10030240105605898 0.18818674162642554 0.06709309382196116
0.43883273048757204 0.15116137841491567 0.20988415115979586 0.13609805578823214 0.06402368414948413
0.12088293279912506 0.18845797256949717 0.2763752730942414 0.20731275241905073 0.20697106911808558
0.3532739655957161 0.16263666009777708 0.22567437112987138 0.17508567615304038 0.08332932702359512
0.12928415096472184 0.15226937794201995 0.22853649132871476 0.17993944519162983 0.30997053457291374
0.1617874938394073 0.27293279112741614 0.2215607721770752 0.19144323337659816 0.1522757094795031
0.33171656331938065 0.19970443971761986 0.1472644361685342 0.20564152556841434 0.11567303522605091
0.14724941672267514 0.26497336077938205 0.2270408690155482 0.24744409631224637 0.11329225717014821
0.19233912138599787 0.24224010721249867 0.167503128584937 0.20544885155299417 0.19246879126357241
0.12035072607637418 0.13562392946083418 0.3045975130009786 0.0969811292999504 0.34244670216186274
0.08970543913047943 0.1456014516582806 0.08483712889794455 0.5163911319286082 0.1634648483846872
0.7161976838039293 0.03973637068852704 0.0669098131691209 0.034743016248165594 0.14241311609025709
0.0683173459005033 0.10150909398420942 0.36656876900106 0.09744631714077873 0.36615847397344853
0.22111641265613577 0.19750999007607228 0.264405209757268 0.1966948143447718 0.12027357316575223
0.13711901885217498 0.30277749493729894 0.22322581480584325 0.19156045804689878 0.14531721335778416
0.16850100697125692 0.14233840830249875 0.4414532872710651 0.1630827953015788 0.08462450215360035
0.14166790215007743 0.3804085925514638 0.08847004748555347 0.2556682702728153 0.13378518754009006
0.10200002569872148 0.19143305896349497 0.22334185327905082 0.16180227834180466 0.32142278371692806
0.16878271471717504 0.2574677974635576 0.2786517872241074 0.17284987473394345 0.12224782586121638
0.11795067687191768 0.07976263301809725 0.06848704049296296 0.5747054573811522 0.15909419223586982
0.1981916783064168 0.36185115562810466 0.09105216071081576 0.2247583927701445 0.12414661258451831
0.09264454900577972 0.5744871031074305 0.11275540278361927 0.12540181651285962 0.09471112859031089
0.11108803165304432 0.15695786662968092 0.19125825942253208 0.16744993512134881 0.3732459071733939
0.0496961904863697 0.05497138971932555 0.07413308170329368 0.22350216150201427 0.5976971765889967
0.09407627503695795 0.060253194276450955 0.5534775821919817 0.1272455444784632 0.16494740401614613
0.05045786670325465 0.6334867715759883 0.04892283612403247 0.22001235536607985 0.04712017023064475
0.09337179668844195 0.1565474177248532 0.4113751862703244 0.1205194816484028 0.21818611766797785
0.1504328828032014 0.034168744061437765 0.1891798703109762 0.08408946944015636 0.5421290333842282
0.15686364803861647 0.16099296652889136 0.39844007053271197 0.15701693587843066 0.12668637902134947
0.10012387406306512 0.109183346942109 0.1097218408801369 0.38436129956845094 0.296609638546238
0.15042020744000997 0.3544279219504292 0.18797654443229883 0.1973158792213113 0.10985944695595062
0.13796945848017628 0.195344280426288 0.15206276958418702 0.3707074957042497 0.14391599580509895
0.21928827957836788 0.3145044391582372 0.20602389138855456 0.15248318139781106 0.10770020847702923
0.22525665090536787 0.26516894189860885 0.09118953762377431 0.2521016469030307 0.16628322266921827
0.5840153516120475 0.1186101341601979 0.09152421109331428 0.14967491281078552 0.056175390323654796
0.20986731286789695 0.19638235549551059 0.19496904236960885 0.31773649936413617 0.08104478990284739
0.15747925026651974 0.14102292840863184 0.21414227936544503 0.16890490581369386 0.3184506361457095
0.10264843065700394 0.20799071086284304 0.09244780592740501 0.5287727062015345 0.06814034635121348
0.2807795669278563 0.31594043764446056 0.14778767256677391 0.14721499193258505 0.10827733092832435
0.055762987025971586 0.07993782063850957 0.08401837733165293 0.0821010343793504 0.6981797806245156
0.04835877596187215 0.04715933309739427 0.6716312828798229 0.19497543171145082 0.03787517634945979
0.0702264724437019 0.13040463390166898 0.6021275713037463 0.14423288900726594 0.053008433343616816
0.35417185945358853 0.18211887034257657 0.14635437390229863 0.1663807391415459 0.15097415715999046
0.012027918614770797 0.07485004928265541 0.6199510117047204 0.09527508897171098 0.19789593142614226
0.17343623284534712 0.24269002690691774 0.16690518902964954 0.28387893315178103 0.1330896180663045
0.1474349590281362 0.21513842604076067 0.10008713161870943 0.10472459205048153 0.4326148912619123
0.20312667822656064 0.2665059558441919 0.23998170861316667 0.13643075714018124 0.1539549001758996
0.055543745768359014 0.3082282989464003 0.3416992711814387 0.13159792085453836 0.1629307632492637
0.041104239860122904 0.27403188087124547 0.1943413549710063 0.27737432041991184 0.21314820387771358
0.08489925688920846 0.13627826887763286 0.14211809291722888 0.4051826674091643 0.23152171390676557
0.08558298309240583 0.05306618617433468 0.3649481880072606 0.3390018229101838 0.15740081981581494
0.0387138856020293 0.11901291407111755 0.3179386521823843 0.13771342474002185 0.38662112340444704
0.2593401399861152 0.21987810257037416 0.15129891808564971 0.19129748630684565 0.17818535305101518
0.0637954698371377 0.09847982904800752 0.706460738899177 0.05721860375974366 0.07404535845593396
0.12242295887754469 0.3243766036885028 0.15400649045692544 0.23940681813934575 0.15978712883768142
0.20162812056657525 0.22331218205053951 0.2915260813704513 0.17406946597426443 0.10946415003816959
0.06264665363211432 0.08481261313062505 0.7054364657812188 0.08086572080178278 0.06623854665425913
0.16921089652661608 0.2577009982681991 0.2410257704412581 0.2010651575051967 0.13099717725873022
0.17172385774279078 0.16181709927479482 0.3924494401424268 0.20180961355349208 0.07219998928649558
0.04571420361571986 0.12342791412819909 0.49994082049754107 0.14672390803350885 0.18419315372503114
0.3779560071364383 0.0976518181763032 0.06483555213545812 0.38870308816580545 0.07085353438599494
0.2248622977045807 0.2715623425391443 0.19125978394859708 0.20246108258066028 0.10985449322701758
0.19388937544277207 0.24897065990127595 0.13978344477308283 0.19806327721175496 0.21929324267111433
0.0802013251176572 0.21465158005702623 0.07407754252760941 0.5791768046449501 0.05189274765275701
0.31854008183692734 0.29516788473733263 0.12669001958072532 0.12760093009123208 0.1320010837537826
0.16426538063185744 0.13923792770252227 0.129865970311824 0.14491925652618903 0.4217114648276072
0.22258732962823682 0.1721938181007578 0.21007482738986666 0.3068630520044403 0.08828097287669855
0.17943281214626824 0.3285470386861317 0.18118348900800746 0.2084918363738485 0.10234482378574417
0.5472595076021239 0.09239745226889454 0.18277757420676158 0.07358508150204333 0.1039803844201766
0.3263439760671162 0.22490257194182378 0.09714119998832411 0.16518281649423971 0.18642943550849608
0.050273525328710544 0.053142246337495785 0.05160241092705879 0.07570564266705963 0.7692761747396752
0.10716135616506607 0.12700705905709825 0.26171991932985766 0.16453752027013055 0.33957414517784756
0.0915232826186682 0.2769567763629781 0.2043641466034785 0.30847109358526664 0.11868470082960858
0.38652536882329225 0.320482670371648 0.08576537266054304 0.131831410718873 0.07539517742564379
0.10846312064026531 0.48004080030071217 0.16004538827614237 0.1434000474862791 0.10805064329660087
0.1107102957212184 0.1689231542619572 0.4879581657119214 0.1311729723468056 0.10123541195809739
0.12390615693498137 0.14841399664538657 0.2528142091140281 0.19687951865131956 0.2779861186542844
0.04071044663063756 0.19690797240690136 0.04436523191238772 0.6836957803707133 0.03432056867936005
0.22601768287134907 0.2143417828578999 0.21398203172658506 0.18811386512708417 0.15754463741708188
0.229531418325579 0.29813680696463196 0.1906523652540971 0.19586530646472564 0.0858141029909663
0.16549155869100882 0.18765581555942704 0.15207872221442037 0.1536400409245086 0.3411338626106353
0.2576471078236014 0.2054585905462447 0.22982199537409795 0.1853205449623865 0.12175176129366941
0.03378175246472823 0.6933925591326248 0.06250441449666536 0.05994871762274556 0.1503725562832362
0.1752924596985031 0.40633054607591274 0.09981640608459261 0.19649734203391547 0.12206324610707613
0.18079219639999097 0.20116953159703327 0.3277548873192794 0.17001621019062357 0.12026717449307285
0.11658714261111662 0.13122437524971123 0.12445367067244678 0.2934243753016781 0.3343104361650474
0.5344266221404104 0.1266245885546167 0.09661252243196983 0.15028103357480976 0.09205523329819339
0.04094622236365532 0.04338245798107012 0.36361928318956005 0.4655763815973203 0.0864756548683942
0.08475428239447398 0.16316943634887185 0.49415269531989436 0.11697971915308486 0.140943866783675
0.06061385621860271 0.08563942634964873 0.7412329294989245 0.07649154690239768 0.03602224103042645
0.1576858011575668 0.17529190444129752 0.30371899764088944 0.15068167656000445 0.21262162020024178
0.2654357614016838 0.19125921239534613 0.18005106773953233 0.21993731644713316 0.14331664201630467
0.06623290413767838 0.17786726909036985 0.07296632565624131 0.172905290906617 0.5100282102090935
0.040167738430687806 0.17570892523035211 0.15270148045618495 0.1813264990325933 0.45009535685018187
0.19390498330725592 0.2144672136810027 0.1583309714835709 0.20545551078308016 0.22784132074509042
0.08736904501935565 0.14092356887473878 0.08318697013843396 0.1004738503651328 0.5880465656023388
0.12558253067645112 0.49966117728611575 0.1800543301632224 0.08826554312981806 0.10643641874439275
0.01175989068458866 0.019418285963905876 0.01505421284253888 0.016063077905277466 0.9377045326036891
0.08733617189620575 0.16923499675351278 0.042181920799933145 0.22271610276540824 0.4785308077849401
0.6599764437656332 0.13581201244273997 0.08389299502227066 0.05439193655960771 0.06592661220974852
0.1751542724316115 0.26795514949972776 0.19991910149232606 0.23664771795277054 0.12032375862356426
0.20138233904944952 0.18335406600920892 0.2868947130570203 0.21731363115562452 0.1110552507286967
0.2198690190007189 0.17289432791729115 0.16890885249212173 0.2227432309942246 0.21558456959564373
0.2219374976195102 0.19372663991278932 0.16696827404637388 0.2303737830091145 0.1869938054122121
0.2681183328053672 0.1992564808662532 0.2023805016564246 0.22609192664610486 0.10415275802585013
0.36925418207890415 0.15664359435566197 0.13852970167751608 0.15719902807150035 0.17837349381641737
0.46334241794517506 0.26558203239481853 0.08731751863517191 0.12157011572428811 0.062187915300546556
0.1319239349352885 0.16064888194752092 0.14388086920175228 0.43478327783432724 0.12876303608111114
0.15241031459971532 0.22040851447459361 0.2352860667947125 0.21808774700265013 0.1738073571283286
0.14295019571410938 0.26929797761227886 0.24826018071379208 0.17872625907224277 0.16076538688757694
0.01811548185951094 0.45162679448915777 0.02811000655489069 0.027167169261053573 0.47498054783538707
0.13577025494833683 0.133701907229474 0.15472809929267506 0.4988273875548467 0.07697235097466736
0.013574766768284747 0.1631103670531837 0.2781365132942509 0.20907437337085574 0.33610397951342497
0.056340271456767343 0.21784981825943694 0.2356100922519268 0.2492992452751818 0.24090057275668703
0.21046551855240272 0.41812216274260533 0.11171222013217315 0.157983955349467 0.10171614322335183
0.07206044336264647 0.13397604298035715 0.5950432181233961 0.11214860231685307 0.0867716932167472
0.40841829599277807 0.15596879275501502 0.13924328550171172 0.14080650971724512 0.1555631160332502
0.17300393132933642 0.23370918401167387 0.24312524481347333 0.2059498505585951 0.14421178928692122
0.23575994701115152 0.16365026945024794 0.09865530956872029 0.3983166523322131 0.10361782163766713
0.1368083439303487 0.22655699735002685 0.09462460267460741 0.2527735228176208 0.28923653322739623
0.5071017836397949 0.13175407129205904 0.17475443822092682 0.09891432539677916 0.08747538145044012
0.3051746707931753 0.09319445132000422 0.513416028636989 0.043927246825143464 0.04428760242468807
0.07527152853035927 0.1767507833910368 0.1577052454994556 0.4316727796084664 0.15859966297068193
0.5081767232616968 0.20041805216912997 0.09040616008415929 0.11958011047898867 0.08141895400602521
0.18729772822596658 0.20402613465612277 0.2438900251159131 0.23171945600593108 0.13306665599606646
0.08815349545011081 0.1859417846056911 0.19821419094822565 0.36144765350530494 0.16624287549066744
0.06133707792036331 0.17917413764444728 0.40865420552842024 0.3105105785952811 0.04032400031148814
0.21457717936058535 0.15962643351596642 0.2568240248289476 0.18881643347723007 0.1801559288172705
0.3050635260806775 0.18723474624571965 0.165833510688547 0.21290418309078485 0.1289640338942709
0.014311163705429234 0.14229760701419247 0.2727127032000453 0.2685882242720965 0.30209030180823654
0.1826914139952303 0.4740250781510671 0.1647372498020785 0.1126178103745452 0.06592844767707896
0.26010994154698885 0.1825684448437247 0.3219929301665633 0.16475090229147354 0.0705777811512496
0.14604278516283692 0.23530990987688646 0.18304676579562104 0.2238539248778345 0.21174661428682107
0.2239968361733795 0.2601889374707998 0.14316718599039646 0.2304251094153543 0.14222193095006985
0.0852573045163652 0.09191561305047453 0.43653530437229565 0.23417248615800265 0.15211929190286197
0.1355658733606825 0.3281060025200653 0.25023129477507733 0.1884769047319504 0.09761992461222439
0.19497027829872343 0.24323835139104888 0.17675610479869006 0.21211742067105882 0.17291784484047878
0.13907924667752963 0.06880669112085845 0.3596771881869586 0.06407354560425707 0.3683633284103963
0.1248501864804966 0.18373846566014185 0.08786926495294482 0.3154905032155609 0.28805157969085576
0.6802996516221144 0.0924551698914024 0.11029828840170329 0.06057812140275481 0.05636876868202516
0.07988057896299962 0.047492185214121435 0.08652193610758234 0.1675085890461384 0.6185967106691582
0.30365256082200165 0.15034127761868282 0.13251617279909078 0.23511852851369502 0.17837146024652978
0.07287050999862688 0.18624471184331678 0.3420700856122974 0.22236128071204328 0.17645341183371568
0.17079274446804774 0.2094606908104821 0.22890103829816635 0.2082264939326709 0.18261903249063305
0.19383719551950118 0.16491218051012319 0.25030262628042094 0.15442607851004006 0.2365219191799146
0.47453606415324123 0.10375617092830569 0.069192727101867 0.30081928884640696 0.051695748970179
0.0377322470325896 0.3831340135272654 0.42908564690671347 0.1096016130526931 0.040446479480738304
0.17603208639620022 0.20110395911528794 0.14072758690004858 0.19365004449918324 0.2884863230892801
0.1465968092112393 0.17430893914607903 0.12763555125451734 0.272319063761277 0.27913963662688734
0.3355371331089677 0.1265093391364075 0.1438751848701262 0.20178048093206674 0.19229786195243184
0.10195383314951256 0.13311421826983177 0.1924599126919129 0.5033852634617484 0.06908677242699442
0.26840977511716413 0.22177374875355965 0.15384332733730763 0.22703564757278694 0.12893750121918168
0.13969303831935548 0.22320246643983768 0.1956605963978347 0.21671478004809272 0.22472911879487945
0.31991958391845116 0.0762862672411594 0.06238936128089637 0.07322797884734235 0.4681768087121507
0.1265859493746001 0.26687577243119975 0.19183202273704453 0.2695391258603471 0.14516712959680841
0.34127465261415996 0.24730129310819163 0.23810467583853423 0.09939678641207383 0.07392259202704043
0.10515188320052743 0.1897182797622486 0.10912557530542859 0.5137276504972417 0.08227661123455368
0.2547266634296385 0.264513323943941 0.17417980123535387 0.18697386065696256 0.11960635073410417
0.11557497144311997 0.17890675603068487 0.48514433429217113 0.1439022355405339 0.07647170269349014
0.1133064375421402 0.28470595758538736 0.21095320404889653 0.1793296431509302 0.2117047576726457
0.09815185360288399 0.12586179378784731 0.3547249610672952 0.3208104821661705 0.1004509093758032
0.07052859045602757 0.130298987962076 0.054251957491897845 0.065480373871706 0.6794400902182927
0.2621629124088195 0.23123264971141053 0.17526595557585847 0.20814227324912138 0.12319620905479013
0.31389388515271954 0.21514490940490652 0.1832301458021675 0.218111673001638 0.06961938663856843
0.08351430206949992 0.12786280411013057 0.6612404394059244 0.07415114571984151 0.05323130869460351
0.19352118854447423 0.22969631086160036 0.11941579543571693 0.2500634130089337 0.2073032921492748
0.47623174163051435 0.09996463964917993 0.2244574220129875 0.12803713489885252 0.07130906180846559
0.13110137566759675 0.11271188726203486 0.17945341803945863 0.09449284073273356 0.48224047829817623
0.3218664250153013 0.19294365859116258 0.16412238810135069 0.18065426432144874 0.14041326397073672
0.17571547457188086 0.250932069308261 0.2909786729480639 0.18981515554807618 0.09255862762371808
0.07165926508805832 0.38368636204378836 0.20181783531480396 0.1781867369774298 0.16464980057591957
0.3675931270616791 0.17266969713168517 0.2074004136660087 0.16397807759159064 0.08835868454903643
0.006183087514482508 0.01835845564576459 0.9211334567262759 0.028985225370113363 0.025339774743363647
0.17650075577410665 0.3157103856989288 0.14687310220548394 0.2084619248370294 0.1524538314844513
0.20395784115481796 0.19270061384714612 0.2291637688875291 0.26018945004518074 0.11398832606532615
0.24320043271050176 0.2882829197881217 0.14642756686049843 0.2156230374851952 0.10646604315568299
0.05523955392147718 0.2620506778417966 0.19012730468287917 0.2966188813057238 0.19596358224812316
0.2310879506678568 0.1937399395758848 0.2932201745609619 0.15851120958594184 0.12344072560935458
0.05646813439599969 0.43554894419994045 0.17077755365605823 0.16887189019610738 0.16833347755189434
0.1704132774427704 0.18667882635856345 0.2308495963760992 0.2701084678309592 0.14194983199160774
0.12973915459069302 0.1622471154850906 0.34233228598461285 0.13800578781671638 0.22767565612288704
0.0026991956264826823 0.9848205186621665 0.0032280293744430862 0.0033703687193162783 0.0058818876175914135
0.7420746174537901 0.056697419658245034 0.09711789847699798 0.0641504107577875 0.039959653653179314
0.0066502064175968335 0.1024321196501421 0.06622392398686092 0.09884959788437116 0.7258441520610289
0.07697164359489447 0.517912634700227 0.319192863482246 0.054883401685182215 0.031039456537450247
0.12902110986161133 0.23647434030318717 0.20674284512364574 0.34027403636429393 0.08748766834726182
0.24539426902695097 0.22231606418802344 0.17242062214470155 0.21087564399688197 0.14899340064344213
0.14382009105178983 0.29701129279876914 0.15111200603158875 0.30468400175975147 0.1033726083581008
0.1338231095456762 0.15093315332406435 0.13494807250845467 0.46053873304260123 0.11975693157920358
0.23158460138430628 0.32064054772993944 0.17021474599926167 0.18895606923320032 0.08860403565329233
0.09582814616435938 0.22836508386193574 0.41164800608986535 0.1937277690294071 0.0704309948544324
0.14483307067141582 0.2371603323129956 0.2464583981677846 0.18653168727829553 0.18501651156950844
0.1973305207969732 0.19110433790317588 0.19589529877441067 0.19501734283528802 0.22065249969015213
0.1442971565028026 0.23955639960756434 0.21588725742168713 0.31749968031773906 0.08275950615020683
0.07046937681729808 0.20408628219042377 0.20429360407867928 0.3341683469993397 0.18698238991425925
0.4660237064340214 0.15479337931669193 0.20520342994700735 0.11911027579765725 0.05486920850462214
0.14563735374596123 0.34340572636142735 0.15089961884858766 0.22651390615884126 0.13354339488518244
0.010212324554118565 0.7756690303114331 0.05038528173411261 0.06466255289238888 0.09907081050794682
0.13830256859953022 0.1604238573077714 0.2351824884643652 0.2809141848531111 0.18517690077522214
0.11942833552947354 0.1640471226508104 0.089316976494051 0.45821647612026983 0.1689910892053952
0.03790063377943292 0.11570337374906378 0.2359967852904243 0.1694729784743861 0.4409262287066928
0.03336376869897884 0.21365120198622267 0.6017059288789106 0.12618518877579604 0.025093911660091932
0.20977162568946672 0.18360816234716332 0.16220068111101799 0.17701686229859348 0.26740266855375844
0.012583553498562005 0.012167564650640898 0.01565678053292559 0.9535018110431356 0.006090290274735963
0.1690332146505373 0.1854466904170558 0.2826084204986881 0.17948455315380604 0.1834271212799127
0.11394385039223495 0.1851015745903016 0.2495799706291649 0.20065536530269207 0.2507192390856065
0.19597432295098874 0.19852294642905113 0.20021775491220337 0.2977581096792433 0.10752686602851345
0.1650784852038837 0.1372270096029994 0.0922246371385749 0.5479284737087833 0.05754139434575871
0.25023054055295824 0.2819009992850561 0.13974246714915206 0.17198628174317976 0.15613971126965392
0.1663578200312622 0.19333317922831184 0.1920665603070558 0.39616662019260185 0.052075820240768296
0.13484475837790919 0.2176151868183556 0.21793297591985683 0.29360343556584073 0.13600364331803755
0.23057416459440017 0.19313754506546277 0.16262789060076813 0.26868121925285976 0.1449791804865093
0.08669352071309783 0.09212228498184782 0.06718208284396208 0.6004644841441672 0.15353762731692516
0.1255957322627609 0.2989891698122317 0.2841808238453915 0.07248900817645214 0.21874526590316376
0.1173217625998829 0.39491487517058826 0.24820462734097964 0.13044932027340247 0.10910941461514666
0.19928171735590847 0.3218415110037729 0.26320748170905517 0.16202622266007324 0.053643067271190156
0.07256652464433583 0.09416712057730403 0.05552834239077506 0.6891697112512057 0.08856830113637942
0.2339309848180451 0.22280444151931464 0.18115957210261047 0.21668781900763945 0.14541718255239022
0.22494375664953403 0.19331890202644364 0.17847388990494298 0.24719355236106844 0.15606989905801094
0.3758207959795653 0.17166049979095516 0.1470476839113713 0.20656357716045087 0.09890744315765743
0.12373064446103871 0.062437340989579475 0.0629894100235094 0.4371513578469706 0.3136912466789018
0.06112427013669644 0.044524089978597005 0.8099984823987121 0.05849348761008238 0.02585966987591213
0.025363893112713302 0.30867239884503483 0.4411358770753939 0.1283913835866597 0.09643644738019835
0.20549805959724438 0.15844572841503948 0.14240371801537388 0.25798820538093875 0.23566428859140348
0.19338555965065374 0.21697799068044937 0.23937538670011504 0.20506764179269574 0.14519342117608613
0.34329555868090983 0.16900304901740312 0.16401052059665908 0.237472693666941 0.08621817803808708
0.14171748193976103 0.2391779899435897 0.1375895278615829 0.30440947003712865 0.17710553021793765
0.22422469796067312 0.21135934783572422 0.16136065845576306 0.2202675500170968 0.18278774573074297
0.7098117279952311 0.07958787089678875 0.06703737896594056 0.10466648576151587 0.03889653638052366
0.25004559278854716 0.24005692811722978 0.1712767605334347 0.1951815702311811 0.14343914832960722
0.08627657776438416 0.05853017701896831 0.6045896190433397 0.1380757963539271 0.11252782981938066
0.19142819384707171 0.18456850646555395 0.2214819762349295 0.21482002192339253 0.18770130152905232
0.17678167015631696 0.2366269042577649 0.2059053947922735 0.2722965580017261 0.10838947279191866
0.20969654747867164 0.1987943125272357 0.18616415445956438 0.2867457732854673 0.11859921224906088
0.6199891358223071 0.09717424757210764 0.07893847377138434 0.09793238100126832 0.10596576183293265
0.09821296443340578 0.5567919035929645 0.10096342399340476 0.16620899241908066 0.07782271556114448
0.1473839545486662 0.18448666997114888 0.20595852822936161 0.2022918354810441 0.2598790117697792
0.1323160690631997 0.28509347921218964 0.1428172551938941 0.2590337559081555 0.18073944062256098
0.1178396454432316 0.17129585784158705 0.12509185603346504 0.1500455423492338 0.4357270983324825
0.08013872938943313 0.045004633152637974 0.8029058254357149 0.045690740226814304 0.026260071795399645
0.2764054467294051 0.05959011401065134 0.07426697006089221 0.5549299377877492 0.034807531411302044
0.3131557720889455 0.18205525842074688 0.1786197204162866 0.2067687685471696 0.11940048052685132
0.10141623095367602 0.16445013620718002 0.25567514057664814 0.12844436240627516 0.35001412985622077
0.2598460310584258 0.16576329478987198 0.09456110128689017 0.24776469636779958 0.23206487649701238
0.1759556873997218 0.23959235899265563 0.36440886467288597 0.12702545599668594 0.09301763293805071
0.25690590235643074 0.1714332009048286 0.18539977543888317 0.23367240747406573 0.15258871382579178
0.6946130186110477 0.06010652718887522 0.10645559518867172 0.07813242791630863 0.06069243109509666
0.07615421496679851 0.7170344316602931 0.07227530661800806 0.09135128108745091 0.04318476566744932
0.1777089510044669 0.16700095487076907 0.0648083246425699 0.2861215908906412 0.30436017859155284
0.11969339110790793 0.12237082956310809 0.11659971033232601 0.5506338272030527 0.09070224179360534
0.5094136065406132 0.16294440718391834 0.10841982373681361 0.11356557771239713 0.10565658482625775
0.09325720302675984 0.1465752292196271 0.24860108428312908 0.13163791674095043 0.37992856672953346
0.1463804526434606 0.17694764062837107 0.13091345079189215 0.3176066225583764 0.2281518333778998
0.12659166479494102 0.2906764265351047 0.19680186604759142 0.1629322423253192 0.22299780029704364
0.20311352205125943 0.21524023948796062 0.13649484963610403 0.35622867609006287 0.08892271273461297
0.11204301525220295 0.14478729808528285 0.19981503675587664 0.1825200609483457 0.3608345889582918
0.639269070940962 0.05482473533328203 0.03820720911176293 0.09425738695780417 0.17344159765618872
0.11330911128524454 0.34840157140841266 0.2683592306633159 0.13897693601331226 0.13095315062971463
0.10813550372265689 0.2867741376151901 0.13273461665170913 0.30899217911301063 0.16336356289743328
0.044161454928199784 0.14037367638819637 0.07901851887405204 0.03955549392561987 0.696890855883932
0.14174164572732179 0.30902604533761124 0.22362568530498383 0.19787650804994833 0.12773011558013483
0.18281395123017222 0.1577935902722979 0.3575322320802435 0.19820774115982184 0.1036524852574646
0.03789247259889 0.28586225155591255 0.16948616131692415 0.1750662908115683 0.33169282371670494
0.24202789249615544 0.19445446086686896 0.17646241471765875 0.2629612473360729 0.12409398458324394
0.06036779663611304 0.058043660904384294 0.6385628969609626 0.10546647917179655 0.1375591663267435
0.2679427244561737 0.23353215582675602 0.14447988463936656 0.17952525488701243 0.17451998019069145
0.220123126129429 0.22242398650200773 0.16484350070040557 0.2535763690943161 0.13903301757384173
0.14700879750889553 0.2433896856075258 0.3023433376321214 0.20442549593306653 0.1028326833183906
0.1264625030986551 0.3142641778259166 0.22510757203868487 0.2445299518748558 0.08963579516188776
0.33186166225256525 0.06480819927065733 0.05168340451088688 0.4962810415042625 0.05536569246162803
0.11386828227294027 0.12517470162038208 0.1504802649871239 0.13311415636409024 0.47736259475546344
0.14175032132601076 0.27328709919515976 0.25046197640416146 0.17543098787314246 0.15906961520152563
0.166627423247559 0.20684470306141653 0.137376919006298 0.4072049355664545 0.08194601911827198
0.35651740510168356 0.1524979496373716 0.20858393431419142 0.14688843469050245 0.135512276256251
0.25759998401064027 0.15329615601436125 0.13490041789676405 0.11912097564524009 0.33508246643299444
0.4673006985323227 0.12724003048355667 0.13679735964090567 0.14296904028126986 0.12569287106194516
0.673396340564049 0.10541492977999302 0.08710470779425408 0.08742636848569882 0.04665765337600504
0.04322246918935295 0.8178582722856641 0.032934340882642514 0.06967263093794011 0.036312286704400364
0.15887144613543297 0.05690735404443204 0.09026475890572995 0.0626752356040596 0.6312812053103455
0.062003287889344456 0.23118243766376328 0.040219362540117286 0.6271799801540368 0.039414931752738275
