,0,1,2,3,4
0,0.07593539718000235,0.10156078219323142,0.29641316674172097,0.14116283744747818,0.3849278164375671
1,0.0920850765914132,0.06473420448274375,0.1795680676109777,0.06696502946188898,0.5966476218529764
2,0.19981831686226473,0.07290198277568234,0.10510433962681433,0.15036649330854052,0.4718088674266981
3,0.09916247358567612,0.07821773614104095,0.10662252380264761,0.170456141163549,0.5455411253070864
4,0.0849807188777035,0.12274107313710732,0.16806319551992788,0.5288316251577322,0.09538338730752907
5,0.0909337489983599,0.1137497861910538,0.12530825587357042,0.567101658286347,0.10290655065066885
6,0.06643822548162295,0.052874242895044436,0.09636733724155627,0.22265744096578075,0.5616627534159955
7,0.11090383377835347,0.07770291028633011,0.08181505555589222,0.128487688965275,0.6010905114141492
8,0.16695027237737162,0.08499524056438497,0.2463735471370055,0.08249425917076657,0.41918668075047133
9,0.25180842227665484,0.06952346377116866,0.23469941505947126,0.1436630888180023,0.30030561007470286
10,0.09555198144687885,0.04322130805080988,0.4443245557868101,0.0980009704201679,0.3189011842953332
11,0.3019762476903428,0.04451647481301977,0.16045694805858304,0.16310473950174492,0.32994558993630946
12,0.04036440650375464,0.1254638853971918,0.06232283459770887,0.25530833082967175,0.5165405426716729
13,0.15137644258041677,0.05170333710752573,0.049584564484875124,0.14802262496791077,0.5993130308592716
14,0.11800982493987126,0.05648338302453098,0.3036821175918773,0.09287902303276546,0.428945651410955
15,0.03265502397464253,0.025856427455014628,0.7086956395308365,0.0665889802842648,0.1662039287552415
16,0.02352197224643853,0.02534924723936173,0.22086163052026278,0.568968532826529,0.161298617167408
17,0.1712835776761375,0.15807977110168245,0.058369142951728625,0.11321880610911704,0.49904870216133435
18,0.07204240176446988,0.06827686325955555,0.3024089864123129,0.11289117450874561,0.44438057405491604
19,0.10443693225580744,0.0659181072660636,0.23538566673943528,0.06897113918400459,0.525288154554689
20,0.10919256282695168,0.059510056691627074,0.158655421735549,0.12582304878447956,0.5468189099613926
21,0.0403758999071813,0.06837903879989213,0.3039952436390383,0.4906074433857104,0.09664237426817791
22,0.40896631251147547,0.15163991144933922,0.10898201056447956,0.0752540969974111,0.25515766847729454
23,0.009132201757727403,0.010106042377830618,0.008967615713053278,0.0069551933640492405,0.9648389467873394
24,0.045216256533016176,0.044733968374077344,0.019681233560680467,0.6520023795420382,0.23836616199018776
25,0.4866481129479106,0.0459606514207758,0.049212483135222376,0.22260018168394552,0.19557857081214566
26,0.07727095135818357,0.1386558359181045,0.3362431356805543,0.06001302387929601,0.3878170531638616
27,0.15486685127956692,0.11276199217367873,0.20437568173926388,0.12185611633056019,0.4061393584769302
28,0.12862461167293152,0.2913278547326659,0.10464067357708762,0.09627328465105753,0.3791335753662574
29,0.07946575188836284,0.4077306050815255,0.15071816977505118,0.06451020535890917,0.2975752678961514
30,0.0698928691221373,0.2721576405162674,0.1062380942270782,0.09199609937392517,0.459715296760592
31,0.15750886262879274,0.07029913468965299,0.08970049968637506,0.231866321312159,0.45062518168302024
32,0.15243266914389372,0.2335497591576008,0.10032775060026221,0.08258699344780712,0.4311028276504361
33,0.39491375619827546,0.06171243504959488,0.05563508841779789,0.08227979959215173,0.40545892074218
34,0.21588198494417937,0.24124618548598833,0.03930415912745113,0.14944824624917935,0.3541194241932018
35,0.16637839425883813,0.14897092459708952,0.09512249455560198,0.07216901975303468,0.5173591668354357
36,0.11157524495260493,0.06674845555993411,0.29136082285177717,0.06585775665142288,0.464457719984261
37,0.5868910313935821,0.08887743776249192,0.038320106739009575,0.060537019269838656,0.2253744048350778
38,0.0726508725023463,0.217524916664582,0.14892376753022005,0.14878278817109833,0.41211765513175325
39,0.06434194227671884,0.11507787943616044,0.2183424548227253,0.14857198820939213,0.4536657352550032
40,0.4627932150473634,0.05147619515789138,0.04233647102648859,0.10912998071143472,0.334264138056822
41,0.07424926353971992,0.24482159050515834,0.09335077195871454,0.1973961365437902,0.390182237452617
42,0.20280033984751134,0.3043777402514436,0.155759848074173,0.1220422802521552,0.2150197915747169
43,0.1413109941444391,0.21605788774305734,0.05954421411247979,0.14061798222973926,0.44246892177028446
44,0.22871228941765273,0.060296243701394914,0.07929214032660648,0.09939767665156989,0.532301649902776
45,0.3203457697994527,0.049864815787542656,0.13634432790013992,0.15531090566560118,0.3381341808472636
46,0.08349292041488886,0.03979318039636609,0.07066026995792958,0.061267658190728845,0.7447859710400867
47,0.12437268210208983,0.06014237429690554,0.1739484342468152,0.05893298623527765,0.5826035231189117
48,0.06438894310841618,0.14199033804560215,0.35557744102403666,0.06093787019051987,0.3771054076314252
49,0.1651653964704335,0.10578331580411511,0.10695533092554264,0.097072257059322,0.5250236997405867
50,0.16278594837470634,0.22051341688682058,0.05416423161953585,0.06283527483154337,0.49970112828739366
51,0.5708971279604661,0.039226169923235896,0.12519995670159836,0.07009871035223987,0.19457803506245971
52,0.032283277054795785,0.1218194146520824,0.20256270790558184,0.5514335472247677,0.09190105316277235
53,0.04029670752508803,0.0282432662114658,0.0630063504642884,0.04833548761805517,0.8201181881811026
54,0.1040769873138861,0.16153069396097958,0.08642356783203976,0.11958384193093556,0.528384908962159
55,0.002279272492811558,0.9473907927298505,0.005864573255710264,0.0361952213390116,0.008270140182616095
56,0.042806483124181394,0.01650549246467747,0.016141057625936723,0.4458011021938104,0.4787458645913939
57,0.09865181369169862,0.12420400521736999,0.09284431988099547,0.13306841203267702,0.551231449177259
58,0.27747883275305985,0.06496539823787571,0.06507710400504196,0.3227619214159684,0.26971674358805403
59,0.23250338440877943,0.18321721683683162,0.23315204382700727,0.0697130520814585,0.28141430284592334
60,0.19240622121433526,0.10203122121031025,0.11316614758028512,0.29304007321504655,0.2993563367800229
61,0.12396407828695118,0.20098076540004992,0.0967722310163245,0.1334099437270922,0.44487298156958216
62,0.07664534360988645,0.14240266336314267,0.13666805531442172,0.5619827974382562,0.08230114027429308
63,0.19063691564949103,0.08494274850704675,0.07803340839388216,0.08933853754150575,0.5570483899080743
64,0.17806047291286123,0.05638860388737252,0.0576750731027332,0.15946410863290955,0.5484117414641235
65,0.03510927885443063,0.4199240566135642,0.22576469732079738,0.26077182591801545,0.05843014129319236
66,0.0884946257947187,0.1344096323900333,0.1460140034644932,0.19470674330165516,0.43637499504909966
67,0.3051445099768647,0.028887665596694437,0.16773955409466398,0.08556675901507255,0.41266151131670437
68,0.14947582280957716,0.08074140167549264,0.07203183968554501,0.12781419004858482,0.5699367457808003
69,0.15627099692610866,0.32856944360208645,0.11774163517778892,0.1481840645990693,0.24923385969494674
70,0.16583644681465154,0.12107606034696365,0.16072394283594935,0.09927750428362227,0.45308604571881317
71,0.16473144522550917,0.1926369887487903,0.08163994789309735,0.07793484521731274,0.4830567729152905
72,0.09869552248678794,0.25407536535799985,0.1049392406027226,0.15206765446420076,0.39022221708828875
73,0.3114440813288166,0.14746926767789453,0.10250258758078103,0.0625616476420533,0.37602241577045464
74,0.1327302529135787,0.17819388520056423,0.08472839484565882,0.1125999325048628,0.49174753453533543
75,0.002670727347739982,0.9787081354065935,0.006781123552839638,0.002083424702054133,0.009756588990772698
76,0.24303405720507645,0.03226799446679405,0.044869678361725944,0.36117804224549166,0.3186502277209118
77,0.03744846948931941,0.29635107604994776,0.09106204738984612,0.5048914099773028,0.07024699709358398
78,0.014828287458425694,0.07901149439240863,0.015821616288360596,0.02415109733586124,0.8661875045249439
79,0.3563617625356886,0.07482695067743621,0.07787146057331,0.3795722320728477,0.11136759414071754
80,0.059532409221075236,0.08716297620594583,0.033160033020506276,0.6567656460890984,0.16337893546337434
81,0.1924508996126356,0.11361996066574719,0.10465866947845334,0.07006272765242136,0.5192077425907425
82,0.19617039050029092,0.06839931195008857,0.11103337172509548,0.14414351453952784,0.48025341128499716
83,0.10751838589579601,0.1367188806958485,0.2415171735500737,0.217674828059438,0.2965707317988437
84,0.0729357229464077,0.054385006324234327,0.02199535631500373,0.6774450199704185,0.17323889444393573
85,0.09747664173757421,0.08187244066270302,0.08632616831302563,0.1252801526856408,0.6090445966010565
86,0.14268668254261785,0.26873760924532725,0.07330644981895659,0.13770987159671422,0.377559386796384
87,0.7613449341612369,0.06527549494997975,0.12595979450608186,0.02677441060159442,0.020645365781107254
88,0.21182195128312303,0.1916679106202644,0.1035736818134562,0.10314913173041937,0.38978732455273696
89,0.053524253645674605,0.12441331585171454,0.15130764210173617,0.4992279216714586,0.1715268667294162
90,0.201111940592853,0.05119123886861459,0.10458222993707508,0.15067113143457475,0.4924434591668826
91,0.07770828929141384,0.05138819284495909,0.04486777952359251,0.4508147802869555,0.3752209580530791
92,0.12042021888240378,0.10625431851690323,0.079512203365948,0.1573896278158194,0.5364236314189257
93,0.04783562601738066,0.18265432345240323,0.16667248629612763,0.5190302074122694,0.08380735682181907
94,0.07085665961806026,0.034574781455315194,0.05524259800115557,0.38191442275779236,0.45741153816767666
95,0.06534552341459524,0.14317076687417973,0.4171833619641806,0.0508398189634988,0.3234605287835455
96,0.125980769541659,0.09075011859859382,0.07375136873907535,0.31911482616887515,0.39040291695179674
97,0.12046318532895442,0.09964981117390924,0.24501418341738862,0.10984148400411875,0.4250313360756288
98,0.10996575647682486,0.07672997440697157,0.24688954525572201,0.11039543361930104,0.4560192902411806
99,0.19212085617684524,0.05114402077751539,0.2983529238150086,0.06833255827863542,0.39004964095199535
100,0.18484625708836128,0.07890137095257466,0.081738759542118,0.17473386162474097,0.47977975079220514
101,0.9864432221640426,0.0006538116271034115,0.002305257008941977,0.004252049850986282,0.006345659348925881
102,0.2763749867441312,0.13771652718939165,0.056681367444401706,0.09176794816415462,0.4374591704579209
103,0.03616478521535623,0.010453882833654714,0.8609708483891979,0.016178322710405414,0.07623216085138573
104,0.1159719142147571,0.273755659679302,0.10354410557884462,0.09247591017594765,0.4142524103511486
105,0.12166773646972004,0.48000925662509286,0.15136598134970197,0.16996624703107147,0.07699077852441363
106,0.1142700410710181,0.2719596980135747,0.08697473343710067,0.11140023030093436,0.4153952971773721
107,0.03396577103661238,0.6454090286356033,0.12592811264154335,0.04860086598389099,0.14609622170235
108,0.42283606927521805,0.09141029627952825,0.06232192320035279,0.09980789869274087,0.32362381255216
109,0.11513073119515677,0.1769913860393131,0.05167882098239789,0.27336384786819884,0.3828352139149333
110,0.20253872776399542,0.04851560655403441,0.6565058901056001,0.015616010390495552,0.0768237651858745
111,0.09964924676598189,0.1302201806853648,0.31489129114335834,0.053148425370388774,0.4020908560349062
112,0.10407114135629261,0.07882590087092245,0.08798268431116033,0.09379515224483989,0.6353251212167847
113,0.4139180240757843,0.10601960904022313,0.11224068287172678,0.07968729772219922,0.28813438629006655
114,0.0572965323233844,0.2668839185498173,0.2694186400839111,0.08414995691738804,0.32225095212549915
115,0.21838036590609525,0.09314231700982627,0.08337294052838617,0.15952990512404625,0.44557447143164614
116,0.10862046912526166,0.08711984844732859,0.10178406868500268,0.08644657468366884,0.6160290390587382
117,0.8377237246745901,0.02625077859084665,0.019628786820194463,0.04949799979049475,0.06689871012387386
118,0.09261631030263497,0.09076196309429525,0.09875830864456038,0.10455493564580218,0.6133084823127073
119,0.12866015775808334,0.06639637999051164,0.07561598817887683,0.6666807267803299,0.06264674729219842
120,0.24329414179166634,0.06998490010711118,0.10740723949190627,0.18517345477827682,0.3941402638310394
121,0.08998153374746544,0.16803898299095713,0.07450077492356152,0.4899723612481804,0.17750634708983554
122,0.12803573250990768,0.1910947357257262,0.14910337357298978,0.13324780406346284,0.3985183541279136
123,0.11261598657433466,0.19296429207671353,0.0887775489948857,0.15270103213801062,0.45294114021605547
124,0.08452740234227393,0.10121948870267952,0.1990941710990255,0.0808320462250014,0.5343268916310195
125,0.1385107536701772,0.060721323674959096,0.15483351453221775,0.04737423859023026,0.5985601695324156
126,0.10391678245545152,0.09082483435514792,0.2558761539002512,0.09175960458937181,0.45762262469977766
127,0.11715773252859216,0.3956013358988854,0.1400786963618876,0.06960609544910472,0.27755613976153015
128,0.20779427092012753,0.2307725528204125,0.05984800218735617,0.15690513122219643,0.34468004284990744
129,0.15147707151032197,0.19254144273834375,0.06488860447108367,0.0761268425698831,0.5149660387103676
130,0.05142636044222095,0.15391377296184144,0.08772012160640963,0.5152360035719862,0.1917037414175416
131,0.0756316093617041,0.08684153661664396,0.029418499195565762,0.04774258053718567,0.7603657742889006
132,0.2521044955452789,0.2243313534441007,0.16999808504200975,0.06616864223188734,0.28739742373672345
133,0.0922384248586813,0.100448789770174,0.2189505714372925,0.11536039309151068,0.47300182084234144
134,0.23528000403091334,0.07404946112708471,0.07834737415815386,0.10341334905227882,0.5089098116315693
135,0.09230823509301571,0.2946794399124041,0.1716605722896479,0.056256324504884436,0.38509542820004794
136,0.07208755814337088,0.7268419831656646,0.03265484764452846,0.038046789419590825,0.13036882162684518
137,0.07081016352210925,0.18619550589839937,0.10077191077774289,0.5348077302682301,0.10741468953351845
138,0.14960240072743167,0.13414934997779987,0.3034868114901186,0.0735885771112588,0.33917286069339103
139,0.07177177987081748,0.04957126667455778,0.10622750818353957,0.31722899274393723,0.455200452527148
140,0.09858849577159466,0.16355431426285105,0.21557403533436129,0.09266234921995635,0.42962080541123665
141,0.07056101275998956,0.14486646946429727,0.10354685103504165,0.5864110573406536,0.09461460940001788
142,0.1607366617221262,0.08072178695017256,0.2170952157256081,0.12152690713025972,0.4199194284718334
143,0.5207751432563879,0.0367436700924203,0.04399543836849166,0.20722334214474444,0.1912624061379558
144,0.11484859454094494,0.17289861570703816,0.1204318183265469,0.058350850754907015,0.5334701206705629
145,0.10619837270181225,0.04869650974616869,0.057722460974865775,0.10805552893059796,0.6793271276465553
146,0.0726029117511724,0.07279048340355944,0.12775563208796945,0.08412177238267894,0.6427292003746198
147,0.7445641017519354,0.028668101095732843,0.040392043304439455,0.028966305721917614,0.15740944812597477
148,0.07505446755699756,0.06461809487718082,0.2274738738293407,0.22615585015486747,0.4066977135816135
149,0.2127144927548748,0.39680259296534776,0.06367660397529869,0.036274225307399766,0.2905320849970789
150,0.055696788494162534,0.48080641831934506,0.09760041772130305,0.05651418465076144,0.30938219081442797
151,0.09622113936205055,0.06912452058044928,0.08149594571756878,0.12959825183623944,0.623560142503692
152,0.09575873244560541,0.05375906182395133,0.10301675328786382,0.058945607128108035,0.6885198453144714
153,0.20009524777041374,0.04805319319571578,0.07910666887073273,0.06867112389893382,0.604073766264204
154,0.03099269567453895,0.10133584708477182,0.09275735071692966,0.6500228876003532,0.12489121892340634
155,0.09963548906367777,0.12371561094037707,0.1106539138128257,0.1158082071151475,0.5501867790679719
156,0.014555277280056355,0.00787844321269583,0.02753067032787853,0.9227868064301372,0.027248802749231926
157,0.09236805374979755,0.23311683793552346,0.1579525396680544,0.16743798315962685,0.3491245854869978
158,0.04940204090561929,0.2799576069486645,0.1512667316948839,0.2744073067596379,0.24496631369119434
159,0.44411794576305386,0.23279330907896234,0.1236519614848828,0.1844628380029174,0.014973945670183626
160,0.1334348834054054,0.07592164715601005,0.03202522812365536,0.488432597279591,0.2701856440353381
161,0.1027816989967013,0.22737498086921926,0.29757461380835465,0.09953320880837807,0.2727354975173469
162,0.16591459104869394,0.1263080754614466,0.09099932773430502,0.5230334991842542,0.09374450657130033
163,0.05779151950538678,0.1650408526324832,0.050500365277869594,0.609423683494151,0.11724357909010935
164,0.34808684247211247,0.01236301513572897,0.53591065031767,0.013289460656481811,0.09035003141800683
165,0.3858202224884741,0.06980439505221,0.041118103350675915,0.22347595165277423,0.27978132745586576
166,0.12018634508377052,0.12266110634083259,0.12488906566495399,0.15604025218510464,0.4762232307253382
167,0.22680150471109511,0.0891981152356553,0.06609111141331406,0.26463555154425494,0.35327371709568056
168,0.8851381904176557,0.017109423466786487,0.019542305331728384,0.016489699026860136,0.061720381756969096
169,0.36221547995760095,0.039798562601858746,0.1613118901992588,0.22099333395975923,0.2156807332815222
170,0.09427175244388972,0.08709878237217143,0.09200577810785121,0.3471576133023105,0.379466073773777
171,0.25328845936689803,0.04715928111190061,0.052173476795982644,0.18874921155031701,0.4586295711749016
172,0.08770594662521249,0.07530504713750144,0.1450830715839391,0.28632118609903046,0.40558474855431653
173,0.030469113932643618,0.7721099412420583,0.14525748199143787,0.019268371216983698,0.03289509161687636
174,0.1260847325088521,0.21026632110688348,0.06779000229117874,0.5099504447298011,0.08590849936328446
175,0.09098117416431577,0.051313189059115485,0.23096159991246049,0.2194641280707761,0.40727990879333215
176,0.08680158975425153,0.02525108819999657,0.4991976392290114,0.09458238247344525,0.29416730034329525
177,0.09800955685776595,0.15423116320769936,0.4078304309324898,0.051244278872176946,0.288684570129868
178,0.09797742635444988,0.12095776091340196,0.163777578822913,0.5272960752368954,0.08999115867233975
179,0.13224830103019328,0.0487444843116687,0.13044314034447296,0.1564551220606619,0.5321089522530031
180,0.09130414416763576,0.35425392889565077,0.13037617720479158,0.07431520292056669,0.34975054681135515
181,0.1794716153493728,0.08831859939538773,0.19394710666274145,0.08372355824806786,0.4545391203444301
182,0.26255982648160475,0.13834380099285726,0.04199666728139545,0.2158518142277072,0.3412478910164353
183,0.1787229378380117,0.041894628779300024,0.5353466996297057,0.046820782301649794,0.19721495145133278
184,0.09284327335491109,0.13177951993596976,0.15479287159274535,0.4156662122872417,0.204918122829132
185,0.2635147733834413,0.06877455281531362,0.23331181671799806,0.08053186788273375,0.3538669892005133
186,0.37209573173944366,0.09080522277755053,0.05192544589464551,0.12002823347852655,0.36514536610983384
187,0.09586994196068024,0.14918042395592804,0.11529905930323117,0.10771963311541102,0.5319309416647495
188,0.12929631536053976,0.04447372812093784,0.4512379910678995,0.07599394219400456,0.2989980232566184
189,0.964438179983467,0.004939383038383475,0.004146762844707874,0.005949485677661147,0.020526188455780556
190,0.2102815861705715,0.1162422317331983,0.09084520192575625,0.14583269938230523,0.4367982807881688
191,0.07655618467417974,0.14294225382292658,0.09658382920098878,0.5577391298776879,0.12617860242421694
192,0.25369599952261473,0.08662589258882346,0.07514937715529141,0.43224037688882644,0.152288353844444
193,0.04041332590397673,0.05247730488693206,0.7396258875096554,0.037896648077997586,0.12958683362143814
194,0.07969717759795586,0.2532807020507681,0.11622100376543223,0.06919758151954368,0.4816035350663001
195,0.013470111597590241,0.004742835675220971,0.9450827435250025,0.00891867757605707,0.02778563162612912
196,0.2744903592442433,0.19779310366081262,0.04874276382666177,0.15992880684329333,0.31904496642498886
197,0.10302102774213108,0.14774124291597052,0.33377716228686377,0.11850622007273283,0.29695434698230183
198,0.05692813920946007,0.4873753316216631,0.06995345662410557,0.08887910371997045,0.29686396882480076
199,0.020460722801873162,0.05405810431400043,0.7363051485186842,0.1252175462140534,0.06395847815138875
200,0.07884916908868386,0.19643228576359667,0.379865022918126,0.08341728498767582,0.2614362372419178
201,0.050931606159383865,0.1830202064064699,0.12967571570116515,0.42132996267346473,0.21504250905951627
202,0.470278758431761,0.04008407991957948,0.0727529788622521,0.07915550937278715,0.3377286734136204
203,0.1007995745937783,0.08986217361791286,0.11204232984313159,0.11650902257802999,0.5807868993671472
204,0.03356878940450947,0.0868777664249952,0.7212385223958759,0.021875239283136734,0.13643968249148283
205,0.01706704111283329,0.01659486782735957,0.035236808920037145,0.9023687895503176,0.028732492589452336
206,0.21631727935043027,0.06504030747932023,0.1244657496956269,0.08274395656563542,0.5114327069089872
207,0.12723191429459468,0.11534491473554692,0.2257607900957376,0.07417975642717257,0.4574826244469482
208,0.09939684523290901,0.0882689195321774,0.05274234642995061,0.10816631378443059,0.6514255750205323
209,0.2823712120416145,0.04659369842493236,0.0761989333473096,0.11358761187163295,0.48124854431451064
210,0.4351844818434421,0.08395504364674206,0.06523642652582701,0.0601557782249899,0.3554682697589988
211,0.008613131363255288,0.9328923407706057,0.0043740105728364296,0.014122529314862659,0.03999798797843994
212,0.21502057025653523,0.1420281455573809,0.08195832821660015,0.14559682005761618,0.4153961359118674
213,0.0003147001121072165,0.0002626881048976828,0.9969643824755795,0.0003630435838067402,0.002095185723608909
214,0.11152535979622488,0.2588490006131185,0.15468050372896847,0.09202073348503585,0.3829244023766523
215,0.052157443395682006,0.1004627413034,0.029042465142082592,0.5062893180772461,0.3120480320815894
216,0.10776909511689202,0.12285978951157425,0.12894067056390193,0.16658568501383372,0.473844759793798
217,0.19275572672674196,0.0890411622502549,0.11672902888032534,0.1289941570238461,0.4724799251188317
218,0.07552662301183467,0.19574633237222758,0.19312512491680667,0.06600674577049657,0.4695951739286345
219,0.08068011860975721,0.17646416552471655,0.12529902981737345,0.5238057545298344,0.0937509315183184
220,0.5792883581691924,0.24438066354803265,0.033624198171186385,0.022552467841633898,0.12015431226995468
221,0.04481501636151952,0.326897660439366,0.2001459567861305,0.15132836632955948,0.27681300008342435
222,0.13888234415848777,0.10674453072970987,0.08318426487194568,0.45629945642889513,0.21488940381096155
223,0.10464024635806561,0.06047202020147065,0.09411903105391886,0.24161730595445344,0.4991513964320914
224,0.3992677201965974,0.04410240124946624,0.09049916127109495,0.09908230058971104,0.3670484166931304
225,0.22689714307853703,0.19257953472616468,0.2192912642086324,0.12075847040110556,0.24047358758556037
226,0.89285918597632,0.008920895587862902,0.016988129375430597,0.05509237978312239,0.0261394092772641
227,0.1345893743546743,0.06395315059015053,0.11404593352276045,0.13026933957959935,0.5571422019528154
228,0.0818970850935159,0.08154661361652053,0.08819856530715131,0.6832989397027162,0.06505879628009613
229,0.11150123879195266,0.060723675733532295,0.20836651505001028,0.10071518751523631,0.5186933829092685
230,0.07834607984784686,0.2171753649384744,0.09020965563853842,0.265287966611549,0.3489809329635913
231,0.14192926618158616,0.44404483113536336,0.1942323091940072,0.040144634554052705,0.17964895893499055
232,0.01995838131293251,0.023007750984483186,0.11329759799534705,0.740257385027998,0.10347888467923941
233,0.13089799588472653,0.2502327041679037,0.12192553510549077,0.0837317126339913,0.41321205220788765
234,0.5972753834637499,0.03606902580219017,0.13011586261194816,0.07653231208349304,0.16000741603861873
235,0.09626576269518769,0.1771990980156711,0.06737976965834162,0.19248485861650078,0.46667051101429885
236,0.07973526068396018,0.13549843841514433,0.17343383273608728,0.09028524099151253,0.5210472271732957
237,0.09831697472278224,0.059966965843232696,0.07692409698404022,0.19253165726011934,0.5722603051898255
238,0.18793468803666982,0.1321238027958905,0.07987554087722995,0.19186505105949056,0.4082009172307192
239,0.026718678038817185,0.6810148444958726,0.037144688127784445,0.21801575902426423,0.03710603031326161
240,0.21827475750303632,0.14624225132685256,0.0524576519552598,0.18255997319528133,0.40046536601956984
241,0.33068120091478675,0.41679451803239276,0.14026700374645779,0.05369943887308799,0.0585578384332748
242,0.29066913076335876,0.042954601697191126,0.20936665561859008,0.09470858964100848,0.3623010222798515
243,0.0976267580176716,0.07293484682686328,0.14734019922765954,0.23614832836421099,0.4459498675635945
244,0.10674238205839806,0.14004681599363997,0.06627526051639139,0.18840143793597333,0.49853410349559724
245,0.03652635565297745,0.33043082946349317,0.42467639980379557,0.04142680849094267,0.16693960658879115
246,0.0043121195140099185,0.4699231502825222,0.008874035650499918,0.506720088482523,0.010170606070444921
247,0.12123618382577178,0.049430685435276615,0.10410872075941792,0.14638254034654055,0.5788418696329932
248,0.07822959924706269,0.022050888566527534,0.5938882367652443,0.023135931168093034,0.28269534425307263
249,0.42922418075972957,0.07736723417401588,0.04147459032635324,0.05692428650316508,0.39500970823673626
250,0.14146234729477333,0.08188194241817766,0.15284266484952336,0.08935251664229343,0.5344605287952322
251,0.23964229360091863,0.06665921039498256,0.2002832333148025,0.12855741560825618,0.36485784708104013
252,0.06658617536254995,0.7222840142257355,0.03778732381624177,0.08984555213043986,0.08349693446503305
253,0.19366581053215395,0.059767181773878804,0.13730187189272314,0.119440264123768,0.48982487167747596
254,0.017099945037693486,0.4850689788980869,0.08832303097937892,0.2683772063758224,0.14113083870901824
255,0.0229026419227161,0.06862025387602134,0.3242874579438905,0.5155021430687255,0.06868750318864664
256,0.058555041543066344,0.18421793056038066,0.12196670108878721,0.48907787474694137,0.14618245206082445
257,0.15703627734225512,0.02017860931802675,0.21655411764068244,0.5151358763964464,0.09109511930258933
258,0.14173788843451102,0.045901429171615195,0.2487160114644249,0.07254367446951339,0.4911009964599354
259,0.022896390815544926,0.2523776439207922,0.3337746366355863,0.33554349362437036,0.055407835003706066
260,0.26182617638352096,0.05240722578503502,0.10083779102155746,0.07692764351966787,0.5080011632902186
261,0.2284305680605533,0.13161759328055636,0.13072012263636482,0.11935610909413127,0.3898756069283943
262,0.16704997497543547,0.04599502286483922,0.08120241766190192,0.3459280309899727,0.3598245535078507
263,0.05150355865352559,0.2157689419184147,0.16964889381491846,0.4520263026883206,0.11105230292482056
264,0.07177176641615751,0.08168866225725331,0.46120516154855046,0.08839358970907026,0.2969408200689685
265,0.044693207493536495,0.4828503280656038,0.02304474499592458,0.11025351416269927,0.33915820528223584
266,0.0697944218329793,0.12599093638189565,0.30818066406716665,0.12155748589343297,0.3744764918245254
267,0.026782792528377123,0.17552122206104603,0.11537950926643606,0.09059498260124785,0.591721493542893
268,0.179404516616672,0.06903571053057339,0.11589988031026337,0.11743418265479606,0.5182257098876953
269,0.040375922306537214,0.02554815880117429,0.04226583150875527,0.669655633991636,0.22215445339189724
270,0.23436137840929208,0.14721998276958984,0.12957497480266844,0.0965857077290326,0.3922579562894172
271,0.14648748525393843,0.0886346953757841,0.15432027175448612,0.4674613402407267,0.14309620737506465
272,0.5106567759093261,0.0401891674561527,0.07825710776900277,0.08216661285125731,0.28873033601426107
273,0.18726035327885837,0.089884906519065,0.17095784119137333,0.10742788192597699,0.44446901708472636
274,0.14812433207783768,0.07334608494258485,0.08031259986991902,0.12593126185086995,0.5722857212587884
275,0.027601702314416113,0.10215661680163969,0.1035865145801972,0.6663494579173698,0.10030570838637709
276,0.12200532764531481,0.12659071907362368,0.3077315812126342,0.06348999420799828,0.3801823778604291
277,0.08472376051530459,0.11659073146959746,0.127349767687352,0.06314204018899523,0.6081937001387507
278,0.09420663520553436,0.08892422723862689,0.15595061072712565,0.194100300818847,0.466818226009866
279,0.31230361297950926,0.04069629833214191,0.06240936134908336,0.35284126566621965,0.2317494616730459
280,0.09813490547947734,0.09330244278093068,0.13801666954992634,0.14923377937321008,0.5213122028164556
281,0.01877714993335493,0.8277965647818464,0.040621661362325125,0.027593497369601958,0.08521112655287147
282,0.11128226779833152,0.1932959948102449,0.05761534945391466,0.05180133909872048,0.5860050488387886
283,0.8310313143634497,0.016024102135674796,0.0229065582765052,0.08995599097378458,0.040082034250585645
284,0.0598730724124676,0.10830465780247318,0.05364888042022857,0.7000853102631251,0.07808807910170551
285,0.07310746148729419,0.11231502850963516,0.13175907093668576,0.49059842474534066,0.19222001432104432
286,0.11204418193700437,0.06805560188000298,0.14932129663439478,0.10016505643392896,0.5704138631146688
287,0.10641464031533096,0.15596028499761702,0.18899422869662907,0.10227001334763186,0.4463608326427911
288,0.3904032957100369,0.13368255336739623,0.17930213566728215,0.049577357338442936,0.24703465791684173
289,0.5050073617292634,0.05348030421488021,0.06506303802163267,0.05531415770995196,0.32113513832427176
290,0.001996690022914341,0.002656942560682447,0.9834469187304838,0.002266445697104233,0.00963300298881508
291,0.08928769710298064,0.03738463963197518,0.7220026945233697,0.03487515097282706,0.11644981776884748
292,0.1075454851324284,0.15975170854453044,0.07356213895283546,0.11435931671206333,0.5447813506581423
293,0.15744972167265614,0.11107047976750334,0.08508371957559337,0.1423653803088997,0.5040306986753474
294,0.2649887655911051,0.08688419001922398,0.11598008645825007,0.0755474001164761,0.45659955781494466
295,0.0035821899562348486,0.0022966637744182457,0.0014099569061380832,0.9676984087565614,0.02501278060664738
296,0.07993878903280086,0.20016827484149124,0.11173774098787244,0.20879913036385436,0.3993560647739811
297,0.12131763859620805,0.20946582549099163,0.08574848496622126,0.13792605839914587,0.44554199254743315
298,0.0509289721509453,0.019921857317990024,0.03502042358703189,0.09012074559146457,0.8040080013525682
299,0.08987597535310324,0.2201904508621464,0.18842712972491082,0.0743895309054406,0.42711691315439887
300,0.3668455246979047,0.1114737461020856,0.08273412370743027,0.05340580864476348,0.38554079684781595
301,0.07323849312888965,0.11389820176189283,0.13504940368835744,0.07115376804014338,0.6066601333807166
302,0.07749384072822149,0.10550620957443313,0.14971680032996115,0.2604246969214679,0.4068584524459164
303,0.23801032492920723,0.16209362959078757,0.1612409450816958,0.07016775138879365,0.36848734900951574
304,0.7760020643206608,0.027328699243627467,0.08500150956878648,0.018808336389472748,0.09285939047745254
305,0.07656214493883183,0.2960717013533872,0.16284317816028673,0.07081901087833445,0.39370396466915974
306,0.08347573854607712,0.25113696167106503,0.18347137647533274,0.11387459898536904,0.36804132432215614
307,0.018671014824739297,0.07635954788735619,0.5990725983359354,0.22947804125161464,0.07641879770035438
308,0.10601291282241085,0.11254226454699909,0.17505420481885148,0.5266619850650702,0.07972863274666826
309,0.10084530668192383,0.06346067224969548,0.41400873286026696,0.1072065548593555,0.3144787333487583
310,0.08203568663444494,0.08478987039032379,0.1753395550166381,0.20984164027080063,0.4479932476877926
311,0.015774252998315145,0.025459488786283964,0.02489245106874298,0.7164465700797099,0.21742723706694797
312,0.04618172816283453,0.14903096625022533,0.15331301802094974,0.40797588649532956,0.2434984010706608
313,0.5546269419038917,0.07564935147095216,0.11957193380207062,0.04257191112176286,0.20757986170132267
314,0.1261570993595187,0.06707543230246905,0.09243695486457613,0.2529684019689064,0.4613621115045297
315,0.15857288844017906,0.08526304426074208,0.1514489120632448,0.09016146107667394,0.5145536941591601
316,0.06230236563039311,0.181401179934027,0.19629556572731405,0.4719492260640936,0.08805166264417227
317,0.5577701613443758,0.04088178077495212,0.020728173894764185,0.25308286264306706,0.1275370213428409
318,0.14058757227697422,0.05030365468071739,0.3355812342100083,0.08213110802131912,0.39139643081098097
319,0.09262944518274668,0.08112087007289477,0.14851029465026802,0.22505210822953964,0.4526872818645509
320,0.11514022652522628,0.31471280633210447,0.05355382166676306,0.08919373879915266,0.4273994066767536
321,0.11472151827096123,0.22936130536945887,0.06016192590491465,0.10207094054487126,0.49368430990979384
322,0.04937656058170557,0.03094119842296363,0.03670972824481237,0.6587640336034165,0.2242084791471019
323,0.11016002291504612,0.153692294864587,0.12223437259099096,0.21389509122357275,0.40001821840580326
324,0.1209769530141033,0.06121476366830266,0.1796124565393813,0.10789146339814629,0.5303043633800665
325,0.5765274786471609,0.043451803126993135,0.03631199480445305,0.03166391055651671,0.3120448128648761
326,0.048835315219438485,0.1186674036042313,0.1811322949852004,0.5514389619089272,0.09992602428220254
327,0.07685746373220034,0.10864006055190452,0.3547303793544821,0.10985236789670066,0.34991972846471237
328,0.10060833622525396,0.4801780289852937,0.035882632120185,0.05458013226731031,0.328750870401957
329,0.11663757006607733,0.07885112642000226,0.1669657584752467,0.06733550743881468,0.5702100375998591
330,0.1299792400192174,0.06988213944433426,0.14783476773734416,0.11743914056505884,0.5348647122340454
331,0.08781360903134353,0.4753995830732214,0.05290949715673818,0.053161496905604906,0.330715813833092
332,0.15793366814529114,0.10442627660212238,0.11358149500397448,0.09459831321877715,0.5294602470298347
333,0.21136338175743585,0.34739832202248055,0.04716523882802709,0.058260572919442144,0.3358124844726144
334,0.07614913792743719,0.07055080751346127,0.11543945837532672,0.3691862901945783,0.3686743059891965
335,0.07289638707351637,0.01361880688819165,0.09446086996675092,0.7197887780443906,0.09923515802715045
336,0.09830507370582275,0.48665162780865145,0.04262544491564898,0.06419647954497325,0.3082213740249035
337,0.11396372968564568,0.16123740681998058,0.09634325311301528,0.08991961315095136,0.5385359972304072
338,0.23798675019709437,0.09336034707600133,0.06929158049211455,0.431680069508987,0.16768125272580273
339,0.10237814668366152,0.07748247355624721,0.16445463542523753,0.20629811182209112,0.4493866325127626
340,0.14395701124480928,0.061178947944792915,0.10908915980964595,0.25125790517777397,0.4345169758229779
341,0.12460022903706762,0.13229155384551447,0.11597791519391142,0.46891040889847785,0.15821989302502873
342,0.0841147266441244,0.14505421719517034,0.09695711745166735,0.5681197249046076,0.10575421380443042
343,0.29688790576615276,0.07410589204477333,0.10451716368295638,0.112117992065225,0.41237104644089256
344,0.042077918984552834,0.11747723017360072,0.09783356459930001,0.6220526433881088,0.12055864285443768
345,0.09882077891996659,0.049314463909862445,0.06689775235461586,0.3380889702370398,0.4468780345785153
346,0.21143190272429693,0.10712843466388333,0.12414572802102335,0.08184127808864143,0.47545265650215496
347,0.11856153574010983,0.06508171649105424,0.05635674565423587,0.11099347200801299,0.6490065301065872
348,0.14936431878573056,0.1613510017881969,0.07159235405466484,0.0731252107385869,0.5445671146328209
349,0.13805081765578364,0.455438284637698,0.06020319288330587,0.15773991232692086,0.1885677924962916
350,0.06930113428343708,0.31379304495669796,0.18293855647893043,0.07526690092669759,0.35870036335423683
351,0.11127295171896137,0.11453675258504624,0.18809878735060043,0.07519230930785185,0.5108991990375401
352,0.10759935835868371,0.08872595311789477,0.12472644249209786,0.10911536620625531,0.5698328798250684
353,0.010392014042792646,0.06933229730509305,0.00746091771353067,0.040961460669386926,0.8718533102691968
354,0.5569722267294693,0.03211244244109677,0.028896366259667162,0.17692524634544327,0.20509371822432346
355,0.21531219011102873,0.0844265640648452,0.1416669939786967,0.08334625783635523,0.47524799400907414
356,0.0989046730304916,0.11184938415552423,0.11037271596938657,0.08395002691048507,0.5949231999341126
357,0.09393884765805803,0.04103256216447115,0.052211567292890775,0.24370172354345604,0.569115299341124
358,0.09759816618493367,0.15636103256837675,0.1156772048175156,0.09386874401515827,0.5364948524140158
359,0.13573068826304333,0.07186585850885803,0.0459183348651896,0.5404472446305916,0.20603787373231752
360,0.0692300158955786,0.086413112643377,0.183690638052347,0.04331256383616466,0.6173536695725327
361,0.050424740466297656,0.32309013522879165,0.373278678135936,0.06170739991871954,0.19149904625025513
362,0.02526050297468568,0.062419172399788586,0.27579521980153676,0.19305593412533373,0.44346917069865527
363,0.03402710139971355,0.0528101838438668,0.15672463327516295,0.6570012411618825,0.09943684031937418
364,0.1615650963509911,0.11258222663330886,0.14765846324765697,0.14643800209755312,0.43175621167048994
365,0.11508845431096953,0.12605417967247348,0.07893877388226117,0.1670917840208006,0.5128268081134952
366,0.06002220453579462,0.08926547754438983,0.07861206765732685,0.39654260775951716,0.3755576425029717
367,0.23493448411238732,0.07359143570303213,0.07605197802703509,0.36412254742277056,0.2512995547347748
368,0.13825845208525142,0.06451318242708945,0.05365186514119816,0.09926791819079434,0.6443085821556667
369,0.006855905605388389,0.012627041897924254,0.008597921432585514,0.012391016196959773,0.9595281148671421
370,0.187336249358418,0.07087177094713391,0.050132749045729535,0.15963231863449442,0.5320269120142241
371,0.13257899527348,0.05738611842834077,0.11797004264479724,0.2275344766820897,0.4645303669712924
372,0.09639758471225923,0.01778244643802639,0.7216578466359757,0.07581211397754611,0.08835000823619256
373,0.08511441115751593,0.06743149227895211,0.39199276007660416,0.14876992484055537,0.3066914116463724
374,0.11806102694268578,0.07733051229531558,0.07436143276729497,0.20684805075424892,0.5233989772404548
375,0.003217049563169828,0.004053486014546805,0.972041321221093,0.0017452289302862373,0.01894291427090416
376,0.16826084425118076,0.008265915465452566,0.31254537232129437,0.02383319433126537,0.48709467363080705
377,0.3984902747371682,0.031764002550958105,0.03336149692052682,0.06722364053433612,0.46916058525701065
378,0.10092142350776712,0.08078010925668257,0.14218496646491105,0.17607600288861466,0.5000374978820246
379,0.2275736118519318,0.10339438380742774,0.10745097435736085,0.09155508274425037,0.47002594723902924
380,0.6316185899897061,0.018549181280105173,0.02816614710852559,0.02540321326846763,0.2962628683531953
381,0.18756905885839237,0.10692649657701617,0.07421306241286821,0.13439170761289868,0.4968996745388247
382,0.055072184252142845,0.11201220631261265,0.3573459490761868,0.14939376942839164,0.326175890930666
383,0.04249553366271813,0.4559843506929999,0.0290638975309892,0.2655007612439186,0.20695545686937408
384,0.15241161594993355,0.09915472142909566,0.28899196424806955,0.07640246853566744,0.3830392298372339
385,0.7164066778085355,0.07683854224612933,0.015615452138600078,0.026695297159317666,0.16444403064741736
386,0.12327998500517387,0.15240107789704024,0.06625923022402926,0.10518340270853276,0.5528763041652239
387,0.07852060984171115,0.202314667695211,0.19384485409268878,0.08924426687466012,0.43607560149572894
388,0.11020179592165102,0.07378773101600963,0.46935961737414494,0.05243279779094905,0.29421805789724537
389,0.11781735051251573,0.0705792902887901,0.1351720789748749,0.24548730998147175,0.43094397024234754
